codexflag=True
sig_id=3
internal_hz=33
layer_current=-1.0
layer_highest=1.0
layer_pattern_0=1.0
layer_pattern_1=0.9819286972627066
layer_pattern_2=0.9283679330160726
layer_pattern_3=0.8412535328311812
layer_pattern_4=0.7237340381050701
layer_pattern_5=0.5800569095711983
layer_pattern_6=0.41541501300188655
layer_pattern_7=0.2357589355094274
layer_pattern_8=0.04758191582374249
layer_pattern_9=-0.14231483827328506
layer_pattern_10=-0.3270679633174216
layer_pattern_11=-0.4999999999999998
layer_pattern_12=-0.654860733945285
layer_pattern_13=-0.7860530947427875
layer_pattern_14=-0.8888354486549234
layer_pattern_15=-0.9594929736144973
layer_pattern_16=-0.9954719225730846
layer_pattern_17=-0.9954719225730846
layer_pattern_18=-0.9594929736144975
layer_pattern_19=-0.8888354486549237
layer_pattern_20=-0.7860530947427874
layer_pattern_21=-0.6548607339452849
layer_pattern_22=-0.5000000000000004
layer_pattern_23=-0.32706796331742183
layer_pattern_24=-0.14231483827328528
layer_pattern_25=0.04758191582374227
layer_pattern_26=0.2357589355094274
layer_pattern_27=0.4154150130018861
layer_pattern_28=0.5800569095711978
layer_pattern_29=0.7237340381050701
layer_pattern_30=0.8412535328311808
layer_pattern_31=0.9283679330160723
layer_pattern_32=0.9819286972627066
rotation_plate_0=0
rotation_plate_1=1
rotation_plate_2=2
rotation_plate_3=3
rotation_plate_4=4
rotation_plate_5=5
rotation_plate_6=6
dll_path=N:\your name )(GODS NAME PROCESS_(YOUR)ID)CODENAME )(ORIGIN)\yourdubbing.dll
